ansible;1;collection.py;[[671]];[];1
ansible;10;pamd.py;[481];[354, 354];0
ansible;11;ios_banner.py;[92, 93, 95, 110, 118, 119, 120, 121, 122, 123, 124, 125, 126, 138, 139, 140];[129, 129];0
ansible;12;env.py;[30, 31, 42];[33];0
ansible;13;galaxy.py;[808];[32, 38];0
ansible;13;collection.py;[830, 832];[];0
ansible;14;api.py;[293, 298, 299];[24, 24, 24, 24, 24, 24, 292, 292, 292, 292, 292, 292];0
ansible;15;eos_eapi.py;[267];[];0
ansible;16;linux.py;[245, 246];[];0
ansible;16;linux_data.py;[498, 500, 534, 536];[];0
ansible;17;linux.py;[[488]];[];1
ansible;18;galaxy.py;[58, 416, 528];[];0
ansible;2;version.py;[75, 76, 77, 82, 118, 119, 120, 125];[81, 81, 81, 124, 124, 124];0
ansible;3;distribution.py;[323];[];0
ansible;4;collectionsearch.py;[35];[10, 10, 10, 10, 44, 44, 44, 44, 44, 44, 44, 44, 44];0
ansible;5;validation.py;[192];[];0
ansible;6;collection.py;[222, 223, 224, 225, 226, 227, 289, 880];[];0
ansible;7;vlans.py;[217, 218, 219, 222];[211, 211, 211, 211, 211];0
ansible;8;powershell.py;[96, 97, 98, 99, 100, 101, 102, 103];[25];0
ansible;9;redhat_subscription.py;[518, 842, 843];[];0
black;1;black.py;[621, 636, 646];[];0
black;10;driver.py;[134, 136, 137];[];0
black;11;black.py;[2115, 2116];[2465, 2465, 2465, 2465, 2465, 2465, 2465, 2465, 2465, 2465, 2954];0
black;12;black.py;[[1037, 1039, 1043, 1047]];[];1
black;13;tokenize.py;[519, 524, 525];[];0
black;14;black.py;[2913, 2932, 2933, 2934, 2935, 2936, 2937, 2938, 2939, 2940];[23];0
black;14;python2_unicode_literals.py;[2, 12];[];0
black;15;black.py;[32, 93, 94, 95, 96, 97, 98, 99, 100, 101, 102, 103, 104, 105, 106, 107, 108, 109, 110, 111, 112, 113, 114, 115, 116, 117, 118, 119, 120, 762, 768, 1309, 1310, 1311, 1312, 1313, 1314, 1315, 1316, 1317, 1318, 1319, 1320, 1321, 1322, 1323, 1324, 1325, 1326, 1327, 1328, 1329, 1330, 1331, 1332, 1333, 1334, 1335, 1336, 1337, 1338, 1339, 1340, 1341, 1342, 1343, 1344, 1345, 1346, 1347, 1348, 1349, 1350, 1351, 1352, 1353, 1354, 1355, 1356, 1357, 1379, 1380, 1381, 1485, 1494, 1495, 1496, 1497, 1501, 1504, 1505, 1506, 1507, 1508, 1509, 1510, 1511, 1512, 1513, 1514, 1515, 1520, 1521, 1522, 1523, 1524, 1525, 1526, 1527, 1528, 1529, 1530, 1531, 1532, 1533, 1534, 1535, 1536, 1537, 1538, 1539, 1540, 1541, 1542, 1543, 1544, 1545, 1546, 1548, 1549, 1550, 1551, 1552, 1553, 1554, 1651, 1652, 1653, 1654, 1655, 1656, 1657, 1658, 1659, 1660, 1661, 1662, 1663, 1664, 1665, 1666, 1667, 2109, 2110, 2111, 2112, 2113, 2114, 2115, 2116, 2117, 2118, 2191, 2683, 2684, 2685, 2686, 2687, 2688, 2689, 2692, 2695, 2696, 2697, 2698, 2699, 2700, 2737];[1972, 1972, 1972, 2702, 2702, 2702, 2705, 2705, 2705, 2705, 2705, 2705, 2705, 2705, 2713, 2713, 2713, 2713, 2736, 2736, 2736, 2736];0
black;16;black.py;[2948];[2944, 2944];0
black;17;black.py;[626];[610, 610, 610];0
black;18;black.py;[468, 469, 478, 487, 506, 517, 521, 593, 594];[7, 582, 582, 582, 582, 582, 582, 582, 582, 582, 582, 582, 582, 582];0
black;19;black.py;[];[1047, 1047, 1047, 1047];0
black;2;black.py;[3119, 3120, 3121, 3122, 3123, 3124, 3125, 3128, 3130];[];0
black;20;black.py;[344, 345];[];0
black;21;black.py;[2328];[];0
black;22;black.py;[6, 13, 523, 552, 553, 561, 635, 641, 669, 697, 698, 699, 700, 701, 702, 703, 704, 705, 706, 712, 713, 714, 715, 716, 717, 721, 722, 723, 729, 730, 731, 732, 735, 736, 737, 738, 739, 740, 742, 755, 812, 813, 814, 815, 1442, 1447, 1454, 1455, 1456, 1457, 1458, 1467, 1520, 1521, 1560, 1561, 1598, 1619, 1620, 1621, 1622, 1632, 1643];[35, 558, 558, 558, 558, 558, 558, 558, 558, 558, 558, 558, 558, 558, 558, 558, 558, 558, 625, 625, 625, 625, 625, 625, 625, 625, 625, 710, 1451, 1595, 1595, 1595, 1595, 1595, 1595, 1595, 1595, 1595, 1595, 1595, 1595, 1595, 1595, 1595, 1595, 1618, 1618, 1618, 1618, 1618, 1618, 1618, 1618, 1618, 1618, 1618, 1618];0
black;23;black.py;[241, 245, 246, 247, 248, 249, 251, 252, 253, 254, 1541];[238, 238, 238, 238, 238, 238, 238, 238, 906, 906, 906, 906, 906, 906, 906, 906, 906, 906, 906];0
black;23;pygram.py;[];[39, 39, 39, 39, 39, 39, 39];0
black;23;function.py;[18, 99];[17, 96];0
black;3;black.py;[397];[];0
black;4;black.py;[1483];[];0
black;5;black.py;[1355, 2491, 2492, 2493];[];0
black;6;black.py;[142, 143, 144, 145, 751, 755, 756, 757, 761, 764, 772, 773];[51, 139, 139, 139, 139, 152, 159, 166];0
black;6;driver.py;[32, 100, 114];[38];0
black;6;tokenize.py;[337, 509];[34, 140, 140, 140, 140, 359, 359, 359];0
black;6;python37.py;[];[17, 17, 17, 17, 17, 17, 17, 17, 42, 42, 42, 42, 42, 42, 42, 42];0
black;7;black.py;[2760];[2729, 2729, 2729, 2729, 2729, 2729, 2729, 2729];0
black;8;black.py;[2408, 2410, 2411];[];0
black;9;black.py;[729, 735];[];0
cookiecutter;1;generate.py;[85];[];0
cookiecutter;2;hooks.py;[59, 61, 122, 123, 127];[57];0
cookiecutter;3;prompt.py;[91];[];0
cookiecutter;4;exceptions.py;[];[84, 84, 84, 84, 84, 84];0
cookiecutter;4;generate.py;[31, 260];[27];0
cookiecutter;4;hooks.py;[72, 94, 108, 109];[21];0
fastapi;1;applications.py;[];[174, 174, 200, 200, 225, 225, 253, 253, 312, 312, 337, 337, 362, 362, 387, 387, 412, 412, 437, 437, 462, 462, 487, 487, 512, 512, 537, 537, 562, 562, 587, 587, 612, 612, 637, 637, 662, 662, 687, 687];0
fastapi;1;encoders.py;[37, 71, 90, 97, 105, 121, 156];[61, 61, 63, 63];0
fastapi;1;utils.py;[84, 313];[];0
fastapi;1;routing.py;[52, 56, 59, 63, 67, 86];[81, 81, 106, 106, 134, 134, 180, 180, 258, 258, 329, 329, 355, 355, 403, 403, 432, 432, 460, 460, 489, 489, 563, 563, 609, 609, 635, 635, 660, 660, 686, 686, 711, 711, 737, 737, 762, 762, 788, 788, 813, 813, 839, 839, 864, 864, 890, 890, 915, 915, 941, 941, 966, 966, 992, 992];0
fastapi;10;routing.py;[[49, 53, 55]];[];1
fastapi;11;utils.py;[134, 139];[];0
fastapi;12;http.py;[115, 116, 117, 118];[];0
fastapi;13;routing.py;[290, 291, 292, 302];[288, 288];0
fastapi;14;models.py;[102, 123, 223];[];0
fastapi;15;routing.py;[[274]];[];1
fastapi;16;encoders.py;[18, 19, 20, 21, 22, 23, 24, 25, 26, 27, 28];[];0
fastapi;2;routing.py;[501];[];0
fastapi;3;routing.py;[63, 64, 65, 66, 67, 68, 69];[51, 51, 51, 51, 51, 51, 51, 51, 51, 51, 51, 51, 51, 51, 51, 51, 51, 51, 51, 51, 51, 51];0
fastapi;4;utils.py;[183];[];0
fastapi;5;utils.py;[100];[];0
fastapi;6;utils.py;[632, 633, 634];[];0
fastapi;7;exception_handlers.py;[22];[1];0
fastapi;8;routing.py;[352];[351, 490];0
fastapi;9;utils.py;[577];[562, 562, 569, 569, 569, 569, 569, 569, 569, 569];0
httpie;1;downloads.py;[142, 143];[10, 138, 138, 138, 138, 138, 138, 138, 138, 138, 138, 138, 138, 138, 138, 138, 138, 138, 138, 138, 138, 138, 138, 138, 138, 138, 138, 138, 138, 138];0
httpie;2;client.py;[];[43];0
httpie;2;core.py;[195];[];0
httpie;3;sessions.py;[[104]];[];1
httpie;4;models.py;[105, 106];[];0
httpie;5;cli.py;[43, 44, 45, 46];[39, 42, 42, 42];0
keras;1;tensorflow_backend.py;[1206, 1220, 1234, 2902, 2903];[17, 2883];0
keras;1;theano_backend.py;[1381, 1382];[];0
keras;1;initializers.py;[83, 84, 111, 112, 144, 145, 213, 214, 217, 218];[254];0
keras;10;training_utils.py;[435, 481, 482, 483, 484, 498, 499, 503, 504, 505, 506, 510, 511, 513, 522, 524, 525, 526, 527];[];0
keras;11;training_generator.py;[43, 44, 51, 64, 65, 111, 125, 152, 164, 287, 288, 295, 306, 317, 390, 391, 398, 409, 420];[10, 62];0
keras;11;training_utils.py;[];[13, 592, 592, 592, 592, 592, 592, 592, 592, 592, 592, 592, 592, 592, 592];0
keras;11;data_utils.py;[];[344, 344];0
keras;12;metrics.py;[37, 38, 39, 40];[];0
keras;13;training_generator.py;[127];[];0
keras;14;metrics.py;[48];[];0
keras;15;callbacks.py;[1125, 1133, 1135, 1159, 1161];[15, 15];0
keras;16;sequential.py;[222, 223, 274, 276, 280, 284, 285];[88, 289, 289];0
keras;17;metrics.py;[37];[];0
keras;18;tensorflow_backend.py;[2548, 2646];[2596, 2596, 2596, 2676, 2676, 2676, 2676, 2676, 2676, 2676, 2676, 2676, 2676];0
keras;19;cntk_backend.py;[1442];[];0
keras;19;recurrent.py;[61, 62, 63, 64, 65, 66, 69, 79, 86, 101, 102, 103, 104, 116, 226, 227, 228, 417];[57, 57, 57, 57, 57, 57, 57, 57, 57, 57, 57, 57, 68, 68, 76, 76, 76, 76, 76, 76, 76, 76, 76, 830, 1223, 1798];0
keras;2;numpy_backend.py;[[14, 87, 92, 120, 176, 188, 239, 243, 248, 264, 268, 277, 284, 288, 292, 296, 300, 309, 314, 319, 327, 529, 607, 710]];[];1
keras;20;cntk_backend.py;[2189, 2211];[];0
keras;20;tensorflow_backend.py;[3436, 3452, 3589, 3613, 3630, 3631, 3632];[3442, 3442, 3601];0
keras;20;theano_backend.py;[2137, 2147, 2180];[];0
keras;20;convolutional.py;[823, 827, 839, 870, 875, 880];[734, 750];0
keras;20;conv_utils.py;[138];[149, 157, 157, 157];0
keras;21;callbacks.py;[488];[480, 480, 480, 480, 498, 498, 541, 541, 546, 546, 546, 546];0
keras;22;input_layer.py;[[42, 43, 44, 45, 46, 50, 63, 71, 80]];[];1
keras;23;sequential.py;[152, 153];[];0
keras;24;callbacks.py;[789, 790];[];0
keras;25;imagenet_utils.py;[[41]];[];1
keras;26;tensorflow_backend.py;[2874];[];0
keras;27;wrappers.py;[[293, 296, 301, 320, 383, 439, 443, 450, 502, 504]];[];1
keras;28;sequence.py;[331, 344, 348];[329, 329, 329, 329, 329, 329];0
keras;29;training.py;[1177, 1178, 1179, 1366, 1367, 1368, 2188, 2189, 2190, 2334, 2335, 2336];[856, 932];0
keras;3;models.py;[140, 141, 142, 153, 154, 155];[];0
keras;30;training.py;[2215, 2402];[];0
keras;31;tensorflow_backend.py;[3945, 3946];[];0
keras;32;callbacks.py;[901, 909, 918, 939, 942, 981];[916, 916, 916, 916, 970];0
keras;33;text.py;[41, 42, 44, 46];[];0
keras;34;training.py;[2165, 2197, 2369, 2493];[];0
keras;34;data_utils.py;[];[369, 369, 369, 369, 369, 369];0
keras;35;image.py;[583, 584, 1230];[954, 954, 1232, 1232, 1232, 1232, 1232, 1232, 1232, 1232, 1232, 1232, 1232, 1232, 1232];0
keras;36;tensorflow_backend.py;[3419, 3422];[];0
keras;37;recurrent.py;[521, 523, 526];[];0
keras;37;wrappers.py;[324, 325, 326, 327, 328];[278, 316, 316, 316, 316, 316, 316, 316, 316, 316, 316, 316, 316, 316, 316, 316, 316, 316, 316, 316, 316, 316, 316, 316, 316, 316, 316, 316, 316, 316, 316, 316, 316, 316, 316, 316, 316, 316, 316, 316, 316, 316, 316, 316, 316, 316, 316, 316, 316, 316, 316, 316, 316, 316, 316];0
keras;38;recurrent.py;[109];[];0
keras;39;generic_utils.py;[330];[];0
keras;4;optimizers.py;[706];[];0
keras;40;recurrent.py;[398, 400, 408];[];0
keras;41;data_utils.py;[556, 634, 639, 641, 645, 689, 690, 691, 707, 708, 709];[14, 617, 716, 716, 716, 716, 716, 716];0
keras;42;training.py;[1903, 1944, 2013, 2014, 2015, 2016, 2062, 2063, 2064, 2065, 2066, 2067, 2068, 2069, 2070, 2176, 2193, 2228, 2229, 2291, 2308, 2340, 2341];[1955, 1955, 2008, 2008, 2008, 2008, 2008, 2008, 2008, 2008, 2008, 2008, 2008, 2008, 2008, 2008, 2008, 2008];0
keras;42;models.py;[1119, 1226, 1266];[1151, 1151, 1168, 1168, 1239, 1239, 1278, 1278];0
keras;43;np_utils.py;[[22, 23, 25, 26, 27]];[];1
keras;44;recurrent.py;[[741]];[];1
keras;45;recurrent.py;[1806, 1807, 1808, 1809];[];0
keras;5;data_utils.py;[173];[];0
keras;6;training_utils.py;[413];[];0
keras;7;scikit_learn.py;[323];[];0
keras;8;network.py;[980, 981, 1028, 1029];[961, 961, 961, 961, 961, 961, 967, 967, 967, 967, 967, 967, 967, 967, 967, 967, 979, 979, 985, 1020, 1027, 1027, 1031];0
keras;9;autogen.py;[120, 121];[];0
luigi;1;server.py;[282, 284];[];0
luigi;10;scheduler.py;[305];[];0
luigi;11;scheduler.py;[897];[];0
luigi;12;clients.py;[22, 29, 34, 38, 39, 40, 41, 42, 43, 44, 45, 46, 47, 48];[33, 33];0
luigi;13;file.py;[91];[];0
luigi;14;scheduler.py;[93, 95, 202, 203, 213, 214, 215, 216, 386];[];0
luigi;15;scheduler.py;[485, 486];[];0
luigi;16;scheduler.py;[570];[];0
luigi;17;interface.py;[134];[];0
luigi;18;scheduler.py;[405];[];0
luigi;19;scheduler.py;[408];[];0
luigi;2;beam_dataflow.py;[477, 479];[222, 474, 474, 474, 474];0
luigi;20;task.py;[309, 310];[];0
luigi;21;interface.py;[[340, 343]];[];1
luigi;22;scheduler.py;[227];[];0
luigi;23;interface.py;[112];[];0
luigi;23;scheduler.py;[230];[104, 104, 713, 713, 713];0
luigi;24;spark.py;[272];[];0
luigi;25;redshift.py;[166];[];0
luigi;26;hadoop_jar.py;[86];[];0
luigi;27;parameter.py;[282, 292, 293, 336, 337, 359, 367];[];0
luigi;28;hive.py;[141];[];0
luigi;29;task_register.py;[138, 139];[];0
luigi;3;parameter.py;[1117, 1118];[];0
luigi;30;worker.py;[188, 189, 190, 191, 192, 193, 194, 195, 196, 197, 198, 199, 200, 201, 202, 203, 204, 205, 206];[];0
luigi;31;scheduler.py;[656];[];0
luigi;32;task_register.py;[[20, 21, 22, 26, 27, 28, 29]];[];1
luigi;33;task.py;[334];[];0
luigi;4;redshift.py;[356];[];0
luigi;5;util.py;[281, 282, 283, 285, 286, 287, 288, 303, 304, 305, 307, 308, 309, 310];[277, 279];0
luigi;6;parameter.py;[824, 861, 862, 863, 864, 865, 866, 867, 868, 869, 870, 891, 926, 940, 950, 953, 981, 1002, 1006, 1007, 1008, 1009, 1010, 1011, 1012, 1013, 1014, 1015];[829, 829, 829, 829, 829, 829, 829, 829, 829, 829];0
luigi;7;scheduler.py;[826, 827];[];0
luigi;8;redshift.py;[335, 339];[];0
luigi;9;execution_summary.py;[46, 49, 51, 90, 380, 381, 382, 383, 384];[264];0
matplotlib;1;backend_bases.py;[1505, 1510, 1511, 1512, 1513, 1532, 1533, 1534, 1535, 1536, 1537, 2096, 2097, 2098];[49];0
matplotlib;1;figure.py;[2405, 2406, 2407];[2395, 2395];0
matplotlib;1;tight_layout.py;[176];[];0
matplotlib;10;axis.py;[827];[];0
matplotlib;11;text.py;[894, 895, 896, 898, 899, 908, 909, 910, 911, 912, 913, 914];[];0
matplotlib;12;_axes.py;[1126, 1127, 1129, 1130, 1132, 1133, 1134, 1204, 1205, 1207, 1208, 1210, 1211, 1212];[];0
matplotlib;13;path.py;[[344]];[];1
matplotlib;14;text.py;[177];[179, 179, 179, 179, 179];0
matplotlib;15;colormap_normalizations.py;[72];[];0
matplotlib;15;colormap_normalizations_symlognorm.py;[32];[];0
matplotlib;15;colors.py;[1205, 1206, 1216, 1217, 1218, 1219, 1223, 1258, 1268];[1222, 1222, 1222, 1222, 1222, 1222, 1222, 1222, 1222];0
matplotlib;15;colormapnorms.py;[101];[];0
matplotlib;16;transforms.py;[[2806, 2807, 2810, 2811, 2815]];[];1
matplotlib;17;transforms.py;[[2785, 2786, 2789, 2790, 2794]];[];1
matplotlib;18;polar.py;[[401, 405, 418, 422, 425, 428, 432, 438]];[];1
matplotlib;19;polar.py;[[388, 392, 405, 409, 412, 415, 419, 425]];[];1
matplotlib;2;_axes.py;[4396, 4397, 4479, 4491, 4492];[];0
matplotlib;20;_constrained_layout.py;[257, 258, 259, 260];[];0
matplotlib;20;backend_bases.py;[1856, 1867, 1868, 1871, 1872];[];0
matplotlib;21;_axes.py;[3913, 3937, 3939, 3941, 3945];[3917, 3917];0
matplotlib;22;_axes.py;[[6573, 6575, 6576, 6577, 6581, 6582, 6584, 6585, 6589, 6590, 6599, 6600, 6601, 6605, 6618, 6619, 6622]];[];1
matplotlib;23;_base.py;[1510, 1511];[];0
matplotlib;24;axis.py;[1895];[];0
matplotlib;25;collections.py;[1473, 1476, 1478];[];0
matplotlib;26;axis.py;[1909];[];0
matplotlib;27;colorbar.py;[727];[];0
matplotlib;28;_base.py;[3252];[];0
matplotlib;29;axis.py;[1007, 1008, 1009, 1010, 1011];[2159, 2159, 2159, 2159, 2159, 2461, 2461, 2461, 2461, 2461];0
matplotlib;3;markers.py;[235];[];0
matplotlib;30;colors.py;[380, 381, 382, 383, 384, 385, 386, 387, 388, 389];[];0
matplotlib;4;_axes.py;[1119, 1133, 1199, 1215];[];0
matplotlib;4;pyplot.py;[2604, 2975];[];0
matplotlib;5;_axes.py;[4495];[];0
matplotlib;6;_axes.py;[4286];[4284, 4284, 4284, 4284, 4284, 4284];0
matplotlib;7;colors.py;[1939];[];0
matplotlib;8;_base.py;[[3604, 3606, 3607]];[];1
matplotlib;9;polar.py;[[952]];[];1
pandas;1;common.py;[602];[];0
pandas;10;blocks.py;[1602];[];0
pandas;100;generic.py;[9860, 9861, 9862, 9863, 9864];[];0
pandas;101;cast.py;[[838]];[];1
pandas;102;construction.py;[156, 157];[155, 155, 155, 155, 155, 155, 155, 155];0
pandas;103;groupby.py;[[2365]];[];1
pandas;104;groupby.py;[1940, 1941, 1942, 1944, 1945, 1946, 1947, 1949, 1950, 1951, 1953, 1954];[];0
pandas;105;frame.py;[2488, 2498, 2499, 2500, 2581];[];0
pandas;105;generic.py;[646, 647, 648, 649, 650, 651, 652, 653, 654, 655, 656, 657, 658, 659, 660, 661, 662, 663, 664, 665, 666, 667, 668, 669, 670, 671, 672, 673, 674, 675, 676, 677, 678, 679, 680, 681, 682, 683, 684, 685, 686, 687, 688, 689];[];0
pandas;105;conftest.py;[238, 239, 240, 241, 242, 243, 244, 245, 246, 247, 248, 249, 250, 251, 252, 253, 254, 255, 256];[];0
pandas;105;reshaping.py;[];[298, 298, 298, 298, 298, 298, 298, 298, 298, 298, 298, 298, 298, 298, 298, 298];0
pandas;106;base.py;[4554];[];0
pandas;107;frame.py;[6760, 6761, 6762, 6763, 6764, 6765, 6766, 6772, 6773, 6774, 6775, 6776, 6778];[];0
pandas;108;cast.py;[44];[604, 604, 604];0
pandas;109;categorical.py;[[2154, 2155]];[];1
pandas;11;concat.py;[622, 623, 624, 625];[];0
pandas;110;base.py;[2985];[];0
pandas;110;category.py;[];[756, 756, 756, 756, 756, 756, 756];0
pandas;111;base.py;[2942, 2946];[];0
pandas;111;category.py;[699, 700, 701];[];0
pandas;112;interval.py;[];[22, 39, 961, 961, 961, 961];0
pandas;113;conftest.py;[];[657, 657, 657, 657, 657, 657, 657, 657, 657, 657, 657, 657, 657, 657, 657, 657, 657, 657];0
pandas;113;integer.py;[649];[29];0
pandas;114;base.py;[4492, 4493, 4494, 4495, 4496, 4497, 4498, 4499, 4500, 4501, 4502, 4503, 4504, 4505, 4506, 4507];[72];0
pandas;115;missing.py;[280];[];0
pandas;116;merge.py;[1030];[];0
pandas;117;missing.py;[179];[];0
pandas;118;melt.py;[50, 72];[14];0
pandas;119;pivot.py;[266];[264];0
pandas;12;frame.py;[87, 7874, 7877, 7879, 7883, 8009, 8013, 8014, 8016, 8017, 8019, 8021];[];0
pandas;120;generic.py;[560, 712];[718];0
pandas;120;groupby.py;[1299, 2383, 2397, 2429, 2451];[42, 1743, 2399, 2399];0
pandas;121;blocks.py;[];[2828, 2828];0
pandas;121;managers.py;[632];[];0
pandas;122;managers.py;[1397, 1398, 1402];[];0
pandas;123;base.py;[384];[];0
pandas;123;numeric.py;[48];[18, 18, 30, 83, 83, 83, 83, 83, 83, 83, 83, 83, 83, 83, 83, 83, 83, 83, 83];0
pandas;123;range.py;[17, 168, 169, 170, 171, 172, 173];[];0
pandas;124;strings.py;[[3454, 3455, 3456, 3457]];[];1
pandas;125;categorical.py;[[488, 496, 538, 773, 792, 810, 828, 901, 982, 1025, 1077, 1130, 1169, 1270, 1372, 1410, 1433, 1455, 1461, 1475, 1511, 1541, 1553, 1606, 1724, 1742, 1747, 1845, 2196, 2222, 2248, 2272, 2338, 2380, 2418, 2473]];[];1
pandas;126;frame.py;[6946, 6947, 6948, 6949];[];0
pandas;127;generic.py;[[10446]];[];1
pandas;128;_json.py;[[570, 571, 573, 575, 576, 578, 580, 581, 582, 585, 586]];[];1
pandas;129;datetimelike.py;[[1306]];[];1
pandas;13;missing.py;[137, 141, 143, 168, 172, 174, 210, 211, 212, 213, 214, 215, 216, 217, 218, 219, 220, 221, 222, 223, 224, 225, 226, 227, 228, 229, 232, 236, 237, 238, 243];[231, 231, 231, 231, 231, 231];0
pandas;130;ops.py;[[693, 705, 706, 709, 710, 718, 719, 739, 740, 751, 752, 769, 770, 776, 777, 780, 781, 784, 785, 793, 794]];[];1
pandas;131;accessors.py;[19, 78, 80, 327];[];0
pandas;132;nanops.py;[709, 712];[708, 708, 708];0
pandas;132;series.py;[];[3991];0
pandas;133;generic.py;[7057, 7058];[7051, 7051];0
pandas;134;holiday.py;[349];[];0
pandas;135;ops.py;[675];[];0
pandas;136;merge.py;[31, 1644];[];0
pandas;137;categorical.py;[60];[523, 523];0
pandas;138;tile.py;[426, 427];[14, 440, 440, 440];0
pandas;139;grouper.py;[333];[];0
pandas;14;dispatch.py;[74, 75];[];0
pandas;14;conftest.py;[];[20, 20, 20, 20, 20, 20, 20, 20, 20, 20, 20, 20];0
pandas;140;generic.py;[1916];[];0
pandas;141;range.py;[391, 392];[];0
pandas;142;algorithms.py;[];[1913, 1921, 1962, 1962];0
pandas;143;range.py;[383, 384];[];0
pandas;144;core.py;[1438, 1439];[];0
pandas;145;__init__.py;[501, 502];[];0
pandas;146;missing.py;[448, 449];[];0
pandas;146;base.py;[4327, 4328, 4329, 4330, 4331, 4332];[];0
pandas;147;dtypes.py;[688, 740, 741, 742, 743, 745, 746, 747];[];0
pandas;148;apply.py;[207, 208, 210, 217];[];0
pandas;149;parquet.py;[10, 162, 163, 167];[];0
pandas;15;datetimelike.py;[2, 3, 4, 8, 9, 10, 11, 12, 13, 14, 16, 17, 18, 21, 23, 24, 25, 27, 28, 32, 34, 35, 37, 38, 39, 40, 41, 42, 43, 44, 45, 46, 47, 48, 49, 50, 51, 52, 53, 54, 55, 56, 57, 58, 59, 60, 61, 62, 63, 64, 65, 66, 67, 68, 69, 70, 71, 72, 73, 74, 76, 77, 78, 80, 81, 83, 84, 86, 87, 88, 89, 91, 92, 94, 95, 97, 98, 100, 101, 102, 103, 104, 106, 108, 109, 111, 112, 113, 114, 115, 116, 117, 118, 119, 120, 121, 122, 123, 125, 126, 127, 128, 129, 131, 133, 134, 135, 137, 139, 142, 143, 145, 146, 147, 150, 151, 152, 154, 155, 156, 158, 159, 160, 161, 162, 164, 166, 167, 168, 170, 171, 172, 173, 175, 176, 177, 178, 180, 181, 182, 184, 186, 187, 188, 189, 190, 191, 192, 193, 194, 195, 196, 197, 198, 199, 201, 202, 203, 205, 206, 207, 208, 209, 210, 211, 212, 213, 214, 215, 216, 217, 218, 219, 220, 221, 222, 224, 225, 226, 227, 228, 229, 230, 231, 232, 233, 234, 235, 236, 237, 238, 239, 240, 241, 242, 243, 245, 246, 247, 248, 250, 251, 252, 253, 255, 256, 257, 258, 259, 260, 262, 263, 264, 265, 266, 267, 268, 269, 270, 271, 272, 275, 276, 277, 278, 280, 281, 283, 284, 285, 286, 287, 288, 289, 290, 291, 292, 293, 294, 295, 296, 297, 298, 299, 300, 302, 304, 305, 306, 307, 309, 310, 311, 312, 313, 314, 315, 316, 318, 320, 321, 322, 323, 324, 326, 327, 328, 330, 332, 333, 334, 335, 336, 337, 338, 341, 342, 343, 344, 346, 348, 349, 350, 351, 352, 355, 356, 357, 358, 360, 361, 362, 363, 364, 365, 366, 369, 370, 371, 372, 373, 374, 376, 377, 378, 379, 380, 383, 384, 385, 386, 387, 388, 389, 390, 391, 392, 393, 394, 395, 396, 397, 398, 399, 400, 401, 403, 404, 405, 407, 408, 409, 411, 413, 415, 416, 417, 419, 420, 421, 423, 424, 425, 426, 427, 428, 429, 430, 431, 432, 433, 434, 435, 436, 437, 438, 439, 440, 441, 442, 443, 444, 445, 446, 447, 448, 449, 450, 451, 452, 453, 454, 455, 457, 458, 459, 460, 462, 463, 464, 466, 469, 470, 471, 472, 475, 477, 479, 481, 482, 484, 485, 486, 487, 488, 489, 490, 491, 492, 493, 494, 495, 497, 498, 500, 502, 506, 508, 509, 510, 511, 512, 514, 515, 517, 518, 519, 520, 521, 523, 524, 525, 526, 527, 529, 530, 531, 532, 533, 534, 535, 536, 537, 538, 539, 540, 541, 542, 544, 545, 546, 547, 548, 550, 551, 552, 553, 554, 555, 556, 557, 558, 559, 560, 561, 562, 563, 564, 565, 566, 567, 568, 569, 570, 571, 572, 573, 574, 575, 576, 577, 578, 579, 580, 581, 582, 583, 584, 585, 586, 587, 588, 589, 590, 591, 592, 593, 594, 595, 596, 597, 598, 599, 600, 601, 602, 603, 604, 605, 606, 607, 608, 609, 610, 611, 612, 613, 614, 615, 616, 617, 618, 619, 620, 621, 622, 623, 624, 625, 626, 627, 628, 629, 630, 631, 632, 633, 634, 635, 636, 637, 638, 639, 640, 641, 643, 644, 645, 646, 647, 648, 649, 650, 651, 652, 653, 654, 656, 657, 658, 659, 661, 662, 663, 664, 665, 666, 667, 668, 669, 670, 671, 672, 673, 674, 675, 676, 677, 678, 679, 680, 681, 682, 683, 684, 685, 686, 687, 688, 689, 690, 691, 692, 693, 694, 695, 696, 697, 698, 699, 701, 702, 704, 706, 707, 708, 710, 711, 712, 713, 717, 721, 722, 723, 724, 725, 727, 728, 729, 730, 731, 732, 733, 734, 735, 736, 737, 738, 739, 740, 741, 742, 743, 744, 745, 746, 747, 748, 749, 750, 751, 752, 753, 754, 755, 756, 757, 758, 759, 760, 761, 762, 763, 764, 766, 767, 769, 770, 771, 772, 773, 774, 775, 776, 777, 778, 779, 780, 781, 782, 783, 784, 785, 786, 787, 788, 789, 790, 791, 792, 793, 794, 795, 796, 797, 798, 799, 800, 801, 802, 803, 804, 805, 806, 807, 808, 809, 810, 811, 812, 813, 814, 815, 816, 817, 818, 819, 820, 821, 822, 823, 824, 825, 826, 827, 828, 829, 830, 831, 832, 833, 834, 835, 836, 837, 839, 840, 841, 842, 843, 844, 845, 846, 848, 849, 850, 851, 852, 853, 854, 855, 856, 857, 858, 859, 860, 861, 862, 863, 864, 865, 866, 868, 870, 871, 872, 873, 875, 877, 878, 879, 880, 881, 885, 886, 887, 888, 889, 890, 891, 892, 893, 897, 898, 900, 902, 903, 905, 907, 911, 912, 914, 915, 916, 917, 918, 920, 921, 922, 923, 925, 927, 928, 929, 930, 931, 933, 934, 935, 936, 937, 938, 939, 941, 943, 944, 946, 947, 949, 950, 951, 952, 953, 954, 956, 957, 958, 959, 960, 961, 963, 964, 965, 966, 967, 968, 969, 971, 972, 973, 975, 976, 978, 979, 980, 981, 982, 983, 984, 985, 986, 987, 988, 989, 990, 991, 992, 993, 994, 995, 996, 997, 998, 999, 1000, 1001, 1002, 1003, 1004, 1005, 1006, 1007, 1008, 1009, 1010, 1011, 1012, 1013, 1014, 1015, 1016, 1017, 1018, 1019, 1020, 1021, 1022, 1023, 1024, 1025, 1026, 1027, 1028, 1029, 1030, 1031, 1032, 1033, 1035, 1036, 1041, 1043, 1044, 1045, 1046, 1047, 1048, 1049, 1050, 1051, 1062, 1063, 1064, 1065, 1066, 1067, 1068, 1069, 1070, 1071, 1072, 1073, 1074, 1075, 1076, 1077, 1078, 1079, 1080, 1081, 1082, 1083, 1084, 1085, 1086, 1087, 1088, 1089, 1090, 1091, 1092, 1093, 1094, 1095, 1096, 1097, 1098, 1099, 1100, 1101, 1102, 1103, 1104, 1105, 1106, 1107, 1108, 1109, 1110, 1111, 1112, 1113, 1114, 1115, 1116, 1117, 1118, 1119, 1120, 1121, 1122, 1123, 1124, 1125, 1126, 1127, 1128, 1129, 1130, 1131, 1132, 1133, 1134, 1135, 1136, 1137, 1138, 1139, 1140, 1141, 1142, 1143, 1144, 1145, 1146, 1147, 1148, 1149, 1150, 1151, 1152, 1153, 1154, 1155, 1156, 1157, 1158, 1159, 1160, 1161, 1162, 1163, 1164, 1165, 1166, 1167, 1168, 1169, 1170, 1171, 1172, 1173, 1174, 1175, 1176, 1177, 1178, 1179, 1180, 1181, 1182, 1183, 1184, 1185, 1186, 1187, 1188, 1189, 1190, 1191, 1192, 1193, 1194, 1195, 1196, 1197, 1198, 1199, 1200, 1201, 1202, 1203, 1204, 1205, 1206, 1207, 1208, 1210, 1211, 1212, 1214, 1215, 1216, 1217, 1218, 1219, 1220, 1221, 1223, 1224, 1225, 1227, 1229, 1230, 1231, 1232, 1233, 1234, 1235, 1236, 1238, 1240, 1242, 1243, 1244, 1245, 1246, 1247, 1248, 1249, 1250, 1251, 1252, 1253, 1255, 1256, 1257, 1258, 1259, 1260, 1261, 1262, 1263, 1264, 1265, 1266, 1267, 1268, 1269, 1270, 1271, 1272, 1273, 1277, 1278, 1279, 1280, 1281, 1282, 1283, 1284, 1285, 1286, 1287, 1289, 1290, 1291, 1292, 1293, 1295, 1296, 1297, 1299, 1300, 1301, 1302, 1303, 1305, 1306, 1307, 1309, 1310, 1311, 1312, 1316, 1318, 1319, 1320, 1321, 1322, 1323, 1324, 1325, 1326, 1328, 1329, 1330, 1331, 1332, 1333, 1334, 1336, 1337, 1338, 1339, 1340, 1341, 1342, 1344, 1345, 1346, 1347, 1348, 1349, 1350, 1351, 1352, 1353, 1354, 1355, 1358, 1359, 1360, 1362, 1363, 1365, 1366, 1368, 1369, 1370, 1371, 1373, 1374, 1376, 1377, 1378, 1379, 1380, 1381, 1382, 1383, 1384, 1385, 1386, 1387, 1388, 1389, 1390, 1391, 1392, 1393, 1394, 1395, 1396, 1397, 1398, 1399, 1400, 1401, 1402, 1403, 1404, 1405, 1406, 1407, 1408, 1409, 1410, 1411, 1412, 1413, 1415, 1416, 1418, 1419, 1421, 1422, 1423, 1425, 1426, 1428, 1429, 1430, 1431, 1432, 1433, 1434, 1435, 1436, 1437, 1438, 1439, 1440, 1441, 1442, 1443, 1444, 1445, 1446, 1447, 1448, 1449, 1450, 1451, 1452, 1453, 1454, 1455, 1456, 1457, 1458, 1459, 1460, 1461, 1462, 1463, 1464, 1466, 1467, 1469, 1470, 1472, 1473, 1475, 1476, 1477, 1478, 1479, 1480, 1481, 1482, 1483, 1484, 1485, 1486, 1487, 1488, 1489, 1490, 1491, 1492, 1493, 1494, 1495, 1496, 1497, 1498, 1499, 1500, 1501, 1502, 1503, 1504, 1505, 1506, 1507, 1508, 1509, 1510, 1511, 1512, 1513, 1514, 1515, 1516, 1517, 1518, 1519, 1520, 1521, 1522, 1523, 1524, 1525, 1526, 1527, 1528, 1529, 1530, 1531, 1532, 1533, 1534, 1535, 1537, 1539, 1540, 1541, 1542, 1544, 1545, 1546, 1547, 1548, 1550, 1551, 1553, 1554, 1555, 1556, 1557, 1559, 1560, 1561, 1562, 1564, 1565, 1566, 1567, 1568, 1569, 1570, 1571, 1572, 1573, 1575, 1576, 1577, 1578, 1579, 1580, 1581, 1583, 1584, 1585, 1587, 1588, 1589, 1591, 1593, 1594, 1595, 1599, 1600, 1604, 1605, 1606, 1607, 1608, 1609, 1610, 1611, 1612, 1613, 1614, 1615, 1616, 1617, 1618, 1619, 1620, 1621, 1622, 1623, 1624, 1625, 1626, 1627, 1628, 1629, 1630, 1631, 1632, 1633, 1634, 1635, 1636, 1637, 1638, 1639, 1640, 1641, 1642, 1643, 1644, 1645, 1646, 1647, 1648, 1649, 1650, 1651, 1652, 1653, 1654, 1655, 1656, 1657, 1658, 1659, 1660, 1661, 1662, 1663, 1664, 1665, 1666, 1667, 1668, 1669, 1670, 1671, 1672, 1673, 1674, 1675, 1676, 1677, 1678, 1679, 1680, 1681, 1682, 1683, 1684, 1685, 1686, 1687, 1688, 1689, 1690, 1691, 1692, 1693, 1694, 1695, 1696, 1697, 1698, 1699, 1700, 1701, 1702, 1703, 1704, 1705, 1706, 1707, 1708, 1709, 1710, 1711, 1712, 1713, 1714, 1715, 1716, 1717, 1718, 1719, 1720, 1721, 1722, 1723, 1724, 1725, 1726, 1727, 1728, 1729, 1730, 1731, 1732, 1733, 1734, 1735, 1736, 1737, 1738, 1741, 1742, 1743, 1744, 1745, 1746, 1747, 1748, 1749, 1750, 1751, 1752, 1753, 1754, 1755, 1756, 1757, 1758, 1759, 1760, 1761, 1762, 1763, 1764, 1765, 1766];[1, 1, 1, 141, 141, 274, 274, 274, 340, 340, 354, 368, 368, 382, 382, 1740];0
pandas;150;missing.py;[448];[];0
pandas;151;numpy_.py;[238, 239, 240, 241, 242, 243, 244, 245, 246];[];0
pandas;152;series.py;[2733];[];0
pandas;153;blocks.py;[10, 709];[];0
pandas;154;groupby.py;[2269, 2272, 2279, 2285, 2294];[2266, 2266];0
pandas;155;rolling.py;[1656];[];0
pandas;156;frame.py;[579, 580, 606];[];0
pandas;157;merge.py;[25, 1638];[];0
pandas;158;series.py;[4168, 4169, 4170, 4171, 4173];[];0
pandas;159;frame.py;[5308];[111];0
pandas;16;datetimelike.py;[91, 454, 460, 461];[];0
pandas;160;expressions.py;[79, 83, 88];[];0
pandas;161;categorical.py;[1843, 1844];[];0
pandas;162;pivot.py;[614, 615, 616, 617, 618, 619, 620, 648, 649, 650];[630, 635, 644, 644];0
pandas;163;window.py;[249, 250];[];0
pandas;164;datetimes.py;[[337]];[];1
pandas;165;datetimelike.py;[[1343]];[];1
pandas;166;frame.py;[7213, 7216];[];0
pandas;167;period.py;[[166, 167, 169, 170, 171, 172, 173, 174, 175, 176]];[];1
pandas;168;grouper.py;[609, 612];[];0
pandas;169;frame.py;[[8217, 8218]];[];1
pandas;17;datetimelike.py;[2, 3, 4, 8, 9, 10, 11, 12, 13, 14, 16, 17, 18, 21, 23, 24, 25, 27, 28, 32, 34, 35, 37, 38, 39, 40, 41, 42, 43, 44, 45, 46, 47, 48, 49, 50, 51, 52, 53, 54, 55, 56, 57, 58, 59, 60, 61, 62, 63, 64, 65, 66, 67, 68, 69, 70, 71, 72, 73, 74, 75, 76, 77, 78, 79, 80, 81, 82, 83, 84, 86, 87, 88, 89, 91, 92, 94, 95, 97, 98, 100, 101, 102, 103, 104, 106, 108, 109, 111, 112, 113, 114, 115, 116, 117, 118, 119, 120, 121, 122, 123, 125, 126, 127, 128, 129, 131, 133, 134, 135, 139, 142, 143, 145, 146, 147, 149, 150, 151, 152, 154, 155, 156, 157, 158, 159, 160, 161, 162, 163, 164, 166, 167, 168, 170, 171, 172, 173, 175, 176, 177, 178, 180, 181, 182, 184, 186, 187, 188, 190, 191, 192, 194, 195, 196, 197, 199, 200, 201, 202, 203, 205, 206, 207, 208, 209, 211, 213, 214, 215, 216, 217, 218, 219, 220, 221, 222, 224, 225, 226, 227, 228, 229, 230, 231, 232, 233, 234, 235, 236, 238, 240, 241, 242, 243, 245, 246, 247, 248, 250, 251, 252, 253, 255, 256, 257, 258, 259, 260, 261, 262, 263, 264, 265, 266, 267, 268, 269, 270, 271, 272, 275, 276, 277, 278, 280, 281, 283, 284, 285, 286, 287, 288, 289, 290, 291, 292, 293, 294, 295, 296, 297, 298, 299, 300, 302, 304, 305, 306, 307, 309, 310, 311, 312, 313, 314, 315, 316, 318, 320, 321, 322, 323, 324, 326, 327, 328, 330, 332, 333, 334, 335, 336, 337, 338, 341, 342, 343, 344, 346, 348, 349, 350, 351, 352, 355, 356, 357, 358, 360, 361, 362, 363, 364, 365, 366, 369, 370, 371, 372, 373, 374, 376, 377, 378, 379, 380, 383, 384, 385, 386, 387, 388, 389, 390, 391, 392, 393, 394, 395, 396, 397, 398, 399, 400, 401, 403, 404, 405, 407, 408, 409, 411, 413, 415, 416, 417, 419, 420, 421, 423, 424, 425, 426, 427, 428, 429, 430, 431, 432, 433, 434, 435, 436, 437, 438, 439, 440, 441, 442, 443, 444, 445, 446, 447, 448, 449, 450, 451, 452, 453, 454, 455, 456, 457, 458, 459, 460, 461, 462, 463, 464, 465, 466, 467, 468, 469, 470, 472, 473, 474, 476, 477, 478, 479, 481, 482, 483, 484, 487, 488, 489, 490, 493, 495, 497, 499, 500, 502, 503, 504, 505, 507, 508, 509, 510, 511, 512, 513, 515, 516, 517, 518, 520, 524, 526, 527, 528, 529, 530, 532, 533, 535, 536, 537, 539, 540, 541, 542, 543, 545, 546, 547, 548, 550, 551, 552, 553, 554, 555, 556, 557, 559, 560, 561, 562, 563, 564, 565, 566, 567, 568, 569, 570, 572, 574, 575, 576, 577, 578, 580, 582, 584, 585, 586, 587, 588, 589, 590, 591, 592, 593, 594, 595, 596, 597, 598, 599, 600, 601, 602, 603, 604, 605, 606, 607, 608, 609, 610, 611, 612, 613, 614, 615, 616, 617, 618, 619, 620, 621, 622, 623, 624, 625, 626, 627, 628, 629, 630, 631, 632, 633, 634, 635, 636, 637, 638, 639, 640, 641, 642, 643, 644, 645, 646, 647, 648, 649, 650, 651, 652, 653, 654, 655, 656, 657, 658, 659, 660, 661, 662, 663, 664, 665, 666, 667, 668, 669, 670, 671, 672, 673, 674, 675, 676, 677, 678, 679, 680, 681, 682, 683, 684, 685, 686, 687, 688, 689, 690, 691, 692, 693, 694, 695, 696, 697, 698, 699, 700, 701, 702, 703, 704, 705, 706, 707, 708, 709, 710, 711, 712, 713, 714, 715, 716, 717, 718, 719, 720, 721, 722, 723, 724, 725, 726, 727, 728, 729, 730, 731, 732, 733, 734, 735, 736, 738, 740, 741, 742, 744, 745, 746, 747, 751, 755, 756, 757, 758, 759, 761, 762, 763, 764, 765, 766, 767, 768, 769, 770, 771, 772, 773, 774, 775, 776, 777, 778, 779, 780, 781, 782, 783, 784, 785, 786, 787, 788, 789, 790, 791, 792, 793, 794, 795, 796, 797, 798, 800, 801, 803, 804, 805, 806, 807, 808, 809, 810, 811, 812, 813, 814, 815, 816, 817, 818, 819, 820, 821, 822, 823, 824, 825, 826, 827, 828, 829, 830, 831, 832, 833, 834, 835, 836, 837, 838, 839, 840, 841, 842, 843, 844, 845, 846, 847, 848, 849, 850, 851, 852, 853, 854, 855, 856, 857, 858, 859, 860, 861, 862, 863, 864, 865, 866, 867, 868, 870, 871, 872, 873, 874, 875, 876, 877, 879, 880, 881, 882, 883, 884, 885, 886, 887, 888, 889, 890, 891, 892, 893, 894, 895, 896, 897, 899, 901, 902, 903, 904, 906, 908, 909, 910, 911, 912, 916, 917, 918, 919, 920, 921, 922, 923, 924, 928, 929, 931, 933, 934, 936, 937, 938, 940, 941, 942, 944, 945, 946, 948, 949, 950, 954, 955, 957, 958, 959, 960, 961, 963, 964, 965, 966, 967, 968, 970, 971, 972, 973, 974, 976, 977, 978, 979, 980, 981, 982, 984, 986, 987, 989, 990, 992, 993, 994, 995, 996, 997, 999, 1000, 1001, 1002, 1003, 1004, 1006, 1007, 1008, 1009, 1010, 1011, 1012, 1014, 1015, 1016, 1018, 1019, 1021, 1022, 1023, 1024, 1025, 1026, 1027, 1028, 1029, 1031, 1032, 1033, 1034, 1035, 1036, 1037, 1038, 1039, 1040, 1041, 1042, 1043, 1044, 1045, 1046, 1047, 1048, 1049, 1050, 1051, 1052, 1053, 1054, 1055, 1056, 1057, 1058, 1059, 1060, 1061, 1062, 1063, 1064, 1065, 1066, 1067, 1068, 1069, 1070, 1071, 1072, 1073, 1074, 1075, 1076, 1078, 1079, 1084, 1086, 1087, 1088, 1089, 1090, 1091, 1092, 1093, 1094, 1105, 1106, 1107, 1108, 1109, 1110, 1111, 1112, 1113, 1114, 1115, 1116, 1117, 1118, 1119, 1120, 1121, 1122, 1123, 1124, 1125, 1126, 1127, 1128, 1129, 1130, 1131, 1132, 1133, 1134, 1135, 1136, 1137, 1138, 1139, 1140, 1141, 1142, 1143, 1144, 1145, 1146, 1147, 1148, 1149, 1150, 1151, 1152, 1153, 1154, 1155, 1156, 1157, 1158, 1159, 1160, 1161, 1162, 1163, 1164, 1165, 1166, 1167, 1168, 1169, 1170, 1171, 1172, 1173, 1174, 1175, 1176, 1177, 1178, 1179, 1180, 1181, 1182, 1183, 1184, 1185, 1186, 1187, 1188, 1189, 1190, 1191, 1192, 1193, 1194, 1195, 1196, 1197, 1198, 1199, 1200, 1201, 1202, 1203, 1204, 1205, 1206, 1207, 1208, 1209, 1210, 1211, 1212, 1213, 1214, 1215, 1216, 1217, 1218, 1219, 1220, 1221, 1222, 1223, 1224, 1225, 1226, 1227, 1228, 1229, 1230, 1231, 1232, 1233, 1234, 1235, 1236, 1237, 1238, 1239, 1240, 1241, 1242, 1243, 1244, 1245, 1246, 1247, 1248, 1249, 1250, 1251, 1253, 1254, 1255, 1257, 1258, 1259, 1260, 1261, 1263, 1264, 1266, 1267, 1268, 1270, 1272, 1273, 1274, 1275, 1276, 1277, 1278, 1279, 1281, 1283, 1285, 1286, 1287, 1288, 1289, 1290, 1292, 1293, 1294, 1295, 1296, 1297, 1298, 1299, 1300, 1301, 1302, 1303, 1304, 1305, 1306, 1307, 1308, 1309, 1310, 1311, 1312, 1313, 1314, 1315, 1316, 1320, 1321, 1322, 1323, 1324, 1325, 1326, 1327, 1328, 1329, 1330, 1332, 1333, 1334, 1335, 1336, 1338, 1339, 1340, 1342, 1343, 1344, 1345, 1346, 1348, 1349, 1350, 1352, 1353, 1354, 1355, 1359, 1361, 1362, 1363, 1364, 1365, 1366, 1367, 1368, 1369, 1371, 1372, 1374, 1375, 1376, 1377, 1378, 1379, 1380, 1381, 1382, 1383, 1384, 1385, 1387, 1388, 1389, 1390, 1391, 1392, 1393, 1394, 1395, 1396, 1397, 1398, 1401, 1402, 1403, 1405, 1406, 1408, 1409, 1411, 1412, 1413, 1414, 1416, 1417, 1419, 1420, 1421, 1422, 1423, 1424, 1425, 1426, 1427, 1428, 1429, 1430, 1431, 1432, 1433, 1434, 1435, 1436, 1437, 1438, 1439, 1440, 1441, 1442, 1443, 1444, 1445, 1446, 1447, 1448, 1449, 1450, 1451, 1452, 1453, 1454, 1455, 1456, 1458, 1459, 1461, 1462, 1464, 1465, 1466, 1468, 1469, 1471, 1472, 1473, 1474, 1475, 1476, 1477, 1478, 1479, 1480, 1481, 1482, 1483, 1484, 1485, 1486, 1487, 1488, 1489, 1490, 1491, 1492, 1493, 1494, 1495, 1496, 1497, 1498, 1499, 1500, 1501, 1502, 1503, 1504, 1505, 1506, 1507, 1509, 1510, 1512, 1513, 1515, 1516, 1518, 1519, 1520, 1521, 1522, 1523, 1524, 1525, 1526, 1527, 1528, 1529, 1530, 1531, 1532, 1533, 1534, 1535, 1536, 1537, 1538, 1539, 1540, 1541, 1542, 1543, 1544, 1545, 1546, 1547, 1548, 1549, 1550, 1551, 1552, 1553, 1554, 1555, 1556, 1557, 1558, 1559, 1560, 1561, 1562, 1563, 1564, 1565, 1566, 1567, 1568, 1569, 1570, 1571, 1572, 1573, 1574, 1575, 1576, 1577, 1578, 1580, 1582, 1583, 1584, 1585, 1587, 1588, 1589, 1590, 1591, 1593, 1594, 1596, 1597, 1598, 1599, 1600, 1602, 1603, 1604, 1605, 1607, 1608, 1609, 1610, 1611, 1612, 1613, 1614, 1615, 1616, 1618, 1619, 1620, 1621, 1622, 1623, 1624, 1626, 1627, 1628, 1630, 1631, 1632, 1634, 1636, 1637, 1638, 1642, 1643, 1647, 1648, 1649, 1650, 1651, 1652, 1653, 1654, 1655, 1656, 1657, 1658, 1659, 1660, 1661, 1662, 1663, 1664, 1665, 1666, 1667, 1668, 1669, 1670, 1671, 1672, 1673, 1674, 1675, 1676, 1677, 1678, 1679, 1680, 1681, 1682, 1683, 1684, 1685, 1686, 1687, 1688, 1689, 1690, 1691, 1692, 1693, 1694, 1695, 1696, 1697, 1698, 1699, 1700, 1701, 1702, 1703, 1704, 1705, 1706, 1707, 1708, 1709, 1710, 1711, 1712, 1713, 1714, 1715, 1716, 1717, 1718, 1719, 1720, 1721, 1722, 1723, 1724, 1725, 1726, 1727, 1728, 1729, 1730, 1731, 1732, 1733, 1734, 1735, 1736, 1737, 1738, 1739, 1740, 1741, 1742, 1743, 1744, 1745, 1746, 1747, 1748, 1749, 1750, 1751, 1752, 1753, 1754, 1755, 1756, 1757, 1758, 1759, 1760, 1761, 1762, 1763, 1764, 1765, 1766, 1767, 1768, 1769, 1770, 1771, 1772, 1773, 1774, 1775, 1776, 1777, 1778, 1779, 1780, 1781, 1784, 1785, 1786, 1787, 1788, 1789, 1790, 1791, 1792, 1793, 1794, 1795, 1796, 1797, 1798, 1799, 1800, 1801, 1802, 1803, 1804, 1805, 1806, 1807, 1808, 1809];[1, 1, 1, 137, 137, 274, 274, 274, 340, 340, 354, 368, 368, 382, 382, 1783];0
pandas;18;common.py;[];[340];0
pandas;18;rolling.py;[475, 481];[];0
pandas;19;indexing.py;[1085, 1086, 1087, 1088, 1089, 1090, 1091, 1092, 1093, 1094, 1095, 1096, 1097, 1098, 1099, 1100, 1101, 1102, 1103, 1104, 1105, 1106, 1107, 1108, 1109, 1110, 1111, 1112, 1113, 1114, 1115];[];0
pandas;2;indexing.py;[2022];[2019, 2035, 2035, 2035, 2035, 2035, 2035];0
pandas;20;offsets.py;[1150, 1151, 1152, 1871, 1872, 1873, 1874, 1875, 1957, 1958, 1959, 1960, 1961];[];0
pandas;21;series.py;[952, 953, 954, 955, 956];[];0
pandas;22;common.py;[];[331];0
pandas;22;rolling.py;[1174, 1175, 1942];[];0
pandas;23;datetimelike.py;[727, 730];[];0
pandas;24;datetimes.py;[889, 897, 976];[];0
pandas;25;datetimes.py;[1280];[];0
pandas;26;categorical.py;[2146, 2181];[];0
pandas;27;datetimes.py;[1100];[21];0
pandas;28;strings.py;[2300];[];0
pandas;29;interval.py;[549, 550, 551, 555, 556, 557];[545, 545, 545];0
pandas;3;series.py;[4687, 4714];[];0
pandas;30;_json.py;[985];[];0
pandas;31;groupby.py;[1870, 1872];[47];0
pandas;32;sas_xport.py;[12, 266, 267, 268, 269, 270, 271, 272];[];0
pandas;33;integer.py;[502];[];0
pandas;34;resample.py;[1431];[1425, 1425];0
pandas;35;period.py;[327, 328];[];0
pandas;36;missing.py;[19, 20, 27, 31, 37, 42, 142, 143, 144, 145, 146, 147, 148, 149, 150, 151, 152, 161, 192, 227, 228, 229, 230, 231, 232, 233, 234, 235, 239, 240, 241, 242, 244, 245, 247, 248, 249, 250, 251, 252, 253, 254, 255, 256, 257, 277, 278, 279, 280, 281, 282, 283, 284, 285, 287, 559, 560, 561, 562, 563, 564];[300, 300, 300, 300, 300, 300, 300, 300, 300, 300, 300, 300, 300, 300, 300, 300, 300, 300];0
pandas;37;string_.py;[16];[274, 274, 274, 274, 274, 274, 274];0
pandas;38;reshape.py;[341, 366];[];0
pandas;39;methods.py;[96];[];0
pandas;4;base.py;[3531];[];0
pandas;40;merge.py;[9, 16, 1274, 1286, 1825, 1837];[27, 1288, 1839, 1839, 1839, 1895, 1895];0
pandas;41;blocks.py;[343, 345, 346, 347, 796, 1636, 1639, 1641, 1752, 2058, 2076, 2095, 2242, 2243, 2244, 2247, 2248, 2249, 2250, 2251, 2484, 2485, 2486, 2528, 2620];[14, 2106, 2106, 2106, 2275, 2869, 2869, 2869];0
pandas;42;_testing.py;[1163, 1173];[];0
pandas;43;__init__.py;[714, 782];[721, 721, 721, 721];0
pandas;44;base.py;[32, 4660, 4662, 4663];[535, 535, 535];0
pandas;44;datetimelike.py;[11, 35];[18, 104, 104, 104, 104, 104, 104, 429, 429, 429, 429, 429, 429, 429, 429, 429, 429, 429, 429, 429, 429, 429];0
pandas;44;datetimes.py;[10, 13];[301, 301, 301, 301, 301, 301, 301, 301, 301, 301, 301, 301];0
pandas;44;period.py;[12, 457, 458, 459, 460, 462];[26, 301, 301, 301, 301, 301, 301, 301, 301];0
pandas;44;timedeltas.py;[4];[216, 216, 216, 216, 216, 216];0
pandas;45;construction.py;[[449]];[];1
pandas;46;util.py;[[53]];[];1
pandas;47;indexing.py;[[571, 580, 614, 625, 647, 662, 672, 691, 710, 765, 810, 813, 830, 833, 836, 839, 842]];[];1
pandas;48;generic.py;[1086];[];0
pandas;49;strings.py;[[778]];[];1
pandas;5;base.py;[3531];[];0
pandas;50;categorical.py;[106];[];0
pandas;51;category.py;[[343, 347, 352, 366, 370, 384, 394, 411, 416, 420, 425, 437, 503, 524, 560, 576, 586, 603, 616, 625, 632, 701, 711, 740, 741, 744, 745, 755, 756, 765, 766]];[];1
pandas;52;generic.py;[594, 595, 596, 597, 598, 599, 600, 601, 602, 603, 604, 605, 606, 607, 608, 609, 614, 617];[];0
pandas;53;base.py;[3114];[];0
pandas;53;series.py;[974];[972, 972];0
pandas;54;dtypes.py;[];[327, 327];0
pandas;54;common.py;[608];[];0
pandas;55;generic.py;[3470, 3476];[];0
pandas;55;indexing.py;[1417, 1418, 1419, 1420];[];0
pandas;56;frame.py;[2625, 2626];[];0
pandas;57;categorical.py;[2444, 2445, 2446, 2447, 2449, 2450, 2451, 2453, 2455];[];0
pandas;58;categorical.py;[647];[];0
pandas;59;rolling.py;[1785];[];0
pandas;6;grouper.py;[757];[];0
pandas;60;rolling.py;[1299];[1306];0
pandas;61;series.py;[922];[];0
pandas;62;stata.py;[[1681]];[];1
pandas;63;indexing.py;[2090, 2091, 2092, 2093, 2094, 2095, 2096, 2097, 2098, 2099, 2100, 2101, 2102, 2103, 2104];[];0
pandas;64;excel.py;[406];[];0
pandas;65;common.py;[6, 362, 364, 440];[];0
pandas;65;parsers.py;[8, 1875];[];0
pandas;66;generic.py;[3445, 3447, 3448, 3449, 3450, 3451, 3452, 3453];[];0
pandas;66;managers.py;[1568];[];0
pandas;67;blocks.py;[10];[2161, 2161, 2161, 2161, 2161, 2161, 2161, 2161, 2161, 2161];0
pandas;68;interval.py;[[492, 495, 498, 514, 559, 608, 611, 657, 661, 704, 726, 766, 780, 783, 787, 792, 863, 864, 883]];[];1
pandas;69;indexing.py;[2127];[];0
pandas;7;base.py;[3076, 3077, 3078];[];0
pandas;70;groupby.py;[816, 817, 818];[];0
pandas;70;ops.py;[];[546, 546, 546, 546, 546, 546, 546, 546, 546, 546, 546];0
pandas;71;tile.py;[[208]];[];1
pandas;72;blocks.py;[879, 889, 890, 892, 893, 894];[896, 896];0
pandas;73;frame.py;[5344, 5371, 5380];[5379];0
pandas;73;missing.py;[112, 118, 120, 121, 125, 126, 127, 128, 129, 131];[];0
pandas;74;timedeltas.py;[166];[];0
pandas;75;period.py;[489, 571, 572, 577];[570, 582, 582, 582, 582, 582, 582, 582, 582, 582, 582, 582, 582, 582, 582, 582];0
pandas;76;_json.py;[945];[];0
pandas;77;array_ops.py;[280, 301];[];0
pandas;78;frame.py;[8016];[];0
pandas;79;grouper.py;[568];[30];0
pandas;79;datetimes.py;[30];[644, 644, 680, 680, 680];0
pandas;79;multi.py;[2781];[];0
pandas;79;series.py;[];[983, 983, 983];0
pandas;8;blocks.py;[731, 732, 733, 734, 735];[];0
pandas;80;masked.py;[];[53, 53, 53];0
pandas;80;generic.py;[1396, 1397];[];0
pandas;80;indexing.py;[2236];[];0
pandas;80;__init__.py;[52];[];0
pandas;80;ops.py;[];[171, 171, 171, 171, 171, 171, 171, 171];0
pandas;81;integer.py;[[448]];[];1
pandas;82;concat.py;[353];[];0
pandas;83;api.py;[66, 90, 108];[84, 84, 122, 122, 146, 146, 146, 146, 146];0
pandas;83;concat.py;[520];[];0
pandas;84;reshape.py;[];[320, 320, 320, 320];0
pandas;85;multi.py;[[1259]];[];1
pandas;86;pivot.py;[[432]];[];1
pandas;87;pivot.py;[592];[584, 584, 601, 601, 601, 601, 601, 601];0
pandas;88;pivot.py;[120];[];0
pandas;89;reshape.py;[361];[];0
pandas;9;categorical.py;[40, 1837];[];0
pandas;9;category.py;[22, 368, 371];[];0
pandas;90;pickle.py;[7, 10, 18, 19, 21, 22, 66, 67, 78, 89, 90, 92, 93, 94, 95, 137, 138];[3, 5, 76, 76, 76, 76, 76, 162, 162, 162, 162, 162];0
pandas;91;timedeltas.py;[360, 361, 362, 364];[];0
pandas;92;generic.py;[6975, 6976];[];0
pandas;92;period.py;[472, 473, 474, 475, 478, 482, 706, 707];[481, 481, 481, 481];0
pandas;92;resample.py;[1589];[];0
pandas;93;datetimelike.py;[1, 3, 4, 8, 9, 10, 11, 12, 13, 14, 16, 17, 18, 22, 23, 24, 25, 27, 28, 30, 32, 33, 34, 35, 37, 38, 39, 40, 41, 42, 43, 44, 45, 46, 47, 48, 49, 51, 54, 56, 57, 59, 60, 62, 63, 64, 65, 66, 67, 68, 69, 70, 71, 73, 74, 75, 77, 79, 80, 81, 82, 83, 84, 85, 86, 87, 88, 89, 90, 91, 92, 93, 94, 95, 96, 97, 98, 99, 100, 101, 102, 103, 104, 105, 106, 107, 108, 109, 110, 111, 112, 113, 115, 116, 117, 118, 119, 120, 121, 122, 123, 124, 125, 126, 129, 130, 132, 133, 134, 137, 138, 140, 141, 142, 144, 145, 146, 147, 148, 150, 152, 153, 154, 156, 157, 158, 159, 161, 162, 163, 164, 166, 167, 168, 170, 172, 173, 174, 176, 177, 178, 180, 181, 182, 183, 185, 186, 187, 188, 189, 191, 193, 194, 195, 196, 197, 199, 200, 201, 202, 203, 204, 205, 206, 207, 208, 209, 210, 213, 214, 215, 216, 218, 219, 220, 221, 222, 224, 225, 226, 227, 228, 229, 230, 231, 232, 233, 234, 235, 236, 237, 238, 239, 240, 241, 242, 243, 244, 245, 246, 247, 248, 249, 250, 251, 252, 253, 254, 255, 257, 258, 259, 260, 261, 262, 263, 264, 265, 266, 267, 268, 269, 270, 271, 272, 273, 274, 275, 276, 277, 278, 279, 280, 281, 282, 283, 284, 285, 286, 288, 290, 291, 292, 293, 295, 296, 297, 298, 299, 300, 301, 302, 304, 306, 307, 308, 309, 310, 312, 313, 314, 316, 318, 319, 320, 321, 322, 323, 324, 327, 328, 329, 330, 332, 334, 335, 336, 337, 338, 341, 342, 343, 344, 345, 346, 348, 349, 350, 351, 352, 355, 356, 357, 358, 359, 360, 362, 363, 364, 365, 366, 369, 370, 371, 372, 373, 374, 375, 376, 377, 378, 379, 380, 381, 382, 383, 384, 385, 386, 387, 388, 389, 390, 391, 392, 395, 396, 397, 399, 400, 401, 403, 404, 405, 407, 408, 409, 411, 412, 413, 415, 416, 417, 418, 420, 421, 422, 423, 426, 427, 428, 429, 432, 434, 436, 438, 439, 441, 442, 444, 446, 447, 448, 449, 450, 451, 452, 453, 454, 455, 456, 457, 458, 459, 461, 462, 463, 467, 469, 470, 471, 472, 473, 474, 475, 476, 477, 478, 479, 480, 481, 482, 483, 484, 485, 486, 487, 488, 489, 490, 491, 493, 494, 496, 497, 498, 499, 500, 502, 503, 504, 505, 506, 507, 508, 510, 511, 512, 513, 514, 515, 516, 517, 518, 519, 520, 521, 522, 523, 525, 526, 527, 528, 529, 530, 531, 532, 533, 534, 535, 536, 537, 538, 539, 540, 541, 542, 543, 544, 545, 546, 548, 549, 550, 551, 552, 553, 554, 555, 556, 557, 558, 559, 560, 561, 562, 563, 564, 565, 566, 567, 568, 569, 570, 571, 572, 573, 574, 575, 576, 577, 578, 579, 580, 581, 582, 583, 584, 585, 586, 587, 588, 590, 591, 592, 593, 594, 595, 596, 597, 598, 599, 600, 601, 603, 604, 605, 606, 607, 608, 609, 610, 611, 612, 613, 614, 615, 616, 617, 618, 619, 620, 621, 622, 623, 624, 625, 626, 627, 628, 629, 630, 631, 632, 633, 634, 635, 636, 637, 638, 639, 641, 642, 643, 644, 646, 647, 649, 650, 651, 653, 655, 656, 660, 664, 665, 666, 667, 668, 670, 671, 672, 673, 674, 675, 677, 678, 679, 680, 681, 682, 683, 684, 686, 687, 688, 690, 692, 693, 694, 695, 696, 698, 699, 701, 702, 703, 705, 706, 708, 709, 710, 712, 713, 715, 716, 717, 718, 720, 722, 724, 725, 726, 730, 731, 732, 733, 734, 735, 736, 737, 738, 740, 741, 742, 743, 744, 745, 746, 748, 749, 750, 751, 752, 753, 754, 755, 756, 757, 759, 760, 761, 765, 766, 767, 768, 769, 770, 771, 773, 775, 776, 777, 778, 780, 781, 782, 783, 784, 786, 787, 789, 790, 791, 792, 793, 794, 795, 796, 797, 799, 800, 801, 802, 803, 804, 805, 807, 809, 810, 812, 813, 815, 816, 817, 818, 820, 822, 823, 824, 825, 826, 827, 828, 829, 830, 833, 834, 835, 836, 837, 838, 839, 840, 841, 842, 843, 844, 845, 846, 847, 848, 849, 850, 851, 852, 853, 854, 855, 856, 857, 858, 859, 860, 861, 862, 863, 864, 865, 866, 867, 868, 869, 870, 871, 872, 873, 874, 875, 876, 877, 878, 879, 880, 881, 882, 883, 884, 885, 886, 887, 888, 889, 890, 891, 892, 893, 894, 895, 896, 897, 899, 900, 902, 903, 905, 906, 907, 908, 909, 910, 912, 913, 914, 915, 916, 918, 920, 921, 922, 923, 924, 925, 926, 927, 929, 930, 931, 932, 933, 934, 935, 936, 937, 938, 939, 940, 941, 943, 944, 945, 947, 948, 949, 950, 952, 954, 955, 956, 957, 958, 962, 963, 964, 965, 966, 967, 968, 969, 970, 971, 972, 973, 975, 976, 977, 978, 979, 980, 981, 982, 983, 984, 985, 986, 987, 988, 989, 990, 991, 992, 993, 994, 995, 996, 997, 998, 999, 1000, 1001, 1003, 1004, 1005, 1007, 1008, 1009, 1010, 1011, 1012, 1013, 1014, 1015, 1016, 1017, 1018, 1019, 1020, 1021, 1022, 1023, 1024, 1025, 1026, 1027, 1028, 1029, 1030, 1031, 1032, 1033, 1034, 1035, 1036, 1037, 1038, 1039, 1040, 1041, 1042, 1043, 1044, 1045, 1046, 1047, 1048, 1050, 1051, 1052, 1053, 1055, 1056, 1057, 1058, 1062, 1063, 1064, 1065, 1066, 1067, 1069, 1070, 1071, 1072, 1073, 1075, 1077, 1078, 1079, 1080, 1081, 1082, 1083, 1084, 1085, 1086, 1087, 1088, 1089, 1090, 1091, 1092, 1093, 1094, 1095, 1096, 1097, 1098, 1099, 1100, 1101, 1103, 1104, 1105, 1107, 1109, 1110, 1111, 1112, 1113, 1114, 1115, 1116, 1117, 1118, 1119, 1120, 1121, 1122, 1123, 1124, 1125, 1128, 1129, 1130, 1131, 1132, 1133, 1134, 1135, 1136, 1137, 1138, 1139, 1140, 1141, 1142, 1143, 1144, 1145, 1146, 1147, 1148, 1149, 1150, 1151, 1152, 1154, 1155, 1156, 1158, 1159, 1160, 1161, 1162, 1163, 1164, 1165, 1166, 1168, 1169, 1170, 1171, 1172, 1174, 1175, 1176, 1178, 1179, 1180, 1181, 1182, 1184, 1185, 1186, 1188, 1189, 1190, 1191, 1193, 1194, 1195, 1196, 1197, 1198, 1199, 1200, 1201, 1202, 1203, 1204, 1205, 1207, 1208, 1210, 1211, 1212, 1213, 1215, 1217, 1218, 1219, 1220, 1221, 1222, 1223, 1224, 1225, 1226, 1227, 1228, 1229, 1230, 1231, 1232, 1233, 1234, 1235, 1236, 1237, 1238, 1239, 1240, 1241, 1242, 1243, 1244, 1245, 1246, 1247, 1248, 1249, 1250, 1251, 1252, 1253, 1254, 1255, 1256, 1257, 1258, 1259, 1260, 1261, 1262, 1263, 1264, 1265, 1266, 1267, 1268, 1269, 1270, 1271, 1272, 1273, 1274, 1275, 1276, 1277, 1278, 1279, 1280, 1281, 1282, 1283, 1284, 1285, 1286, 1287, 1288, 1289, 1290, 1291, 1293, 1294, 1295, 1296, 1297, 1298, 1300, 1301, 1302, 1303, 1304, 1306, 1307, 1308, 1309, 1310, 1311, 1312, 1313, 1314, 1315, 1316, 1317, 1318, 1319, 1320, 1321, 1322, 1323, 1324, 1325, 1326, 1327, 1328, 1329, 1330, 1331, 1332, 1333, 1334, 1335, 1336, 1337, 1338, 1339, 1340, 1341, 1342, 1343, 1344, 1345, 1346, 1347, 1348, 1349, 1351, 1352, 1354, 1355, 1357, 1358, 1360, 1361, 1362, 1363, 1364, 1365, 1366, 1367, 1368, 1369, 1370, 1371, 1372, 1373, 1374, 1375, 1376, 1377, 1378, 1379, 1380, 1381, 1382, 1383, 1384, 1385, 1386, 1387, 1388, 1389, 1390, 1391, 1392, 1393, 1394, 1395, 1396, 1397, 1398, 1399, 1400, 1401, 1402, 1403, 1404, 1405, 1406, 1407, 1408, 1409, 1410, 1411, 1412, 1413, 1414, 1415, 1416, 1417, 1418, 1419, 1420, 1421, 1423, 1424, 1425, 1426, 1427, 1428, 1429, 1430, 1431, 1432, 1433, 1434, 1435, 1436, 1437, 1438, 1439, 1440, 1441, 1442, 1443, 1444, 1445, 1446, 1447, 1448, 1449, 1450, 1451, 1452, 1453, 1454, 1455, 1456, 1457, 1458, 1459, 1461, 1462, 1463, 1464, 1465, 1466, 1467, 1468, 1469, 1470, 1471, 1472, 1473, 1474, 1475, 1477, 1478, 1479, 1480, 1481, 1483, 1484, 1485, 1486, 1488, 1489, 1490, 1491, 1492, 1494, 1495, 1496, 1497, 1498, 1499, 1500, 1501, 1502, 1503, 1504, 1505, 1506, 1507, 1508, 1509, 1510, 1511, 1512, 1513, 1514, 1515, 1517, 1518, 1519, 1520, 1521, 1522, 1523, 1524, 1526, 1527, 1528, 1529, 1531, 1532, 1533, 1534, 1536, 1537, 1538, 1539, 1540, 1541, 1542, 1543, 1544, 1545, 1546, 1548, 1549, 1550, 1551, 1552, 1554, 1555, 1556, 1557, 1558, 1559, 1560, 1561, 1562, 1563, 1564, 1565, 1567, 1568, 1570, 1571, 1573, 1574, 1575, 1576, 1577, 1578, 1579, 1580, 1581, 1582, 1583, 1584, 1585, 1586, 1587, 1589, 1590, 1591, 1592, 1593, 1594, 1595, 1597, 1598, 1599, 1601, 1602, 1603, 1604, 1605, 1606, 1607, 1608, 1609, 1610, 1611, 1612, 1613, 1614, 1615, 1616, 1617, 1618, 1619, 1620, 1621, 1622, 1623, 1624, 1625, 1626, 1627, 1628, 1629, 1630, 1631, 1632, 1633, 1634, 1635, 1636, 1637, 1638, 1639, 1640, 1641, 1642, 1643, 1644, 1645, 1646, 1647, 1648, 1649, 1650, 1651, 1652, 1653, 1654, 1655, 1656, 1657, 1658, 1659, 1660, 1661, 1662, 1663, 1664, 1665, 1666, 1667, 1668, 1669, 1670, 1671, 1672, 1673, 1674, 1675, 1676, 1677, 1678, 1679, 1680, 1681, 1682, 1683, 1684, 1685, 1686, 1687, 1688, 1689, 1692, 1693, 1694, 1695, 1696, 1697, 1698, 1699, 1700, 1701, 1702, 1703, 1704, 1705, 1706, 1707, 1708, 1709, 1710, 1711, 1712, 1713, 1714, 1715, 1716, 1717, 1718, 1719, 1720, 1721, 1722, 1723, 1724];[21, 21, 128, 128, 128, 128, 128, 128, 128, 128, 128, 128, 128, 128, 128, 212, 212, 212, 326, 326, 340, 354, 354, 368, 368, 394, 394, 1127, 1127, 1127, 1691, 1691];0
pandas;94;datetimelike.py;[31, 254, 258, 259, 260, 261, 262, 489, 490];[653, 653, 653, 653, 653, 653, 653, 653, 653, 653, 653, 653, 653, 653, 653, 653];0
pandas;95;period.py;[76, 84, 85, 86, 87, 88];[];0
pandas;96;offsets.py;[899];[];0
pandas;97;timedeltas.py;[260, 268];[278, 278, 278, 278, 278, 278, 278, 278, 278];0
pandas;98;base.py;[298, 299, 300, 301, 302, 332, 333];[];0
pandas;99;datetimes.py;[319, 320];[41];0
PySnooper;1;pycompat.py;[];[11];0
PySnooper;1;tracer.py;[87, 133];[17, 17];0
PySnooper;1;utils.py;[257, 276];[];0
PySnooper;2;tracer.py;[22, 26, 87, 133, 139, 250, 270, 310, 383];[7, 17, 17, 179, 179, 179, 179, 189, 208, 208, 208, 208, 210, 210, 245, 245, 255, 255];0
PySnooper;3;pysnooper.py;[26];[];0
sanic;1;app.py;[656];[];0
sanic;2;server.py;[[709, 710, 713, 714, 717, 718, 721, 722, 726, 727, 730, 731, 737, 738, 745, 746]];[];1
sanic;3;app.py;[865];[833, 833, 833, 833, 833, 833, 833, 833];0
sanic;4;request.py;[522, 523];[];0
sanic;5;log.py;[9];[];0
scrapy;1;offsite.py;[58, 62];[57];0
scrapy;10;redirect.py;[6, 68, 69];[4, 4];0
scrapy;11;gz.py;[46];[];0
scrapy;12;unified.py;[[49]];[];1
scrapy;13;images.py;[45];[];0
scrapy;14;gz.py;[10, 57];[53];0
scrapy;15;url.py;[46];[44, 44, 44, 44, 44, 44, 44];0
scrapy;16;url.py;[12, 18, 45, 46, 49, 50, 52, 53, 58, 59, 63, 64, 65, 67, 75, 84];[10, 40, 40, 40, 40, 40, 40, 40, 40, 40, 40, 40, 40, 40, 40, 40, 40, 57, 57, 57, 57, 57, 57, 57, 57, 57, 57, 57, 57, 57, 57, 69, 69];0
scrapy;17;response.py;[50, 51, 52, 53, 54, 55, 57];[];0
scrapy;18;responsetypes.py;[62];[];0
scrapy;19;cookies.py;[140, 145, 146];[];0
scrapy;2;datatypes.py;[318, 319];[];0
scrapy;20;sitemap.py;[35];[];0
scrapy;21;robotstxt.py;[104];[];0
scrapy;22;exporters.py;[147];[149, 149];0
scrapy;23;httpproxy.py;[12, 29, 55];[];0
scrapy;24;http11.py;[81, 95, 96, 98, 99];[];0
scrapy;25;form.py;[47, 61];[14];0
scrapy;26;__init__.py;[119, 121, 206, 207, 209, 210];[];0
scrapy;27;redirect.py;[58];[];0
scrapy;28;dupefilters.py;[[39]];[];1
scrapy;29;request.py;[82];[];0
scrapy;3;redirect.py;[2, 73];[];0
scrapy;30;cmdline.py;[21, 23, 24];[];0
scrapy;30;testproc.py;[38, 39];[];0
scrapy;30;__init__.py;[16, 17];[14];0
scrapy;31;cookies.py;[152, 156, 174];[];0
scrapy;32;crawler.py;[212, 213];[];0
scrapy;33;engine.py;[19, 138, 141, 144, 156, 271];[];0
scrapy;33;scraper.py;[13, 110, 156, 205, 230];[];0
scrapy;33;robotstxt.py;[62];[14];0
scrapy;33;feedexport.py;[187];[25];0
scrapy;33;log.py;[1, 2, 3, 14, 15, 16, 17, 20, 22, 23, 24, 25, 26, 27, 30, 31, 32, 33, 35, 36, 37, 38, 39, 40, 43, 44, 45, 46, 48, 49, 50, 51];[5, 7, 9, 19, 19, 19, 19, 29, 29, 42, 42, 42, 42];0
scrapy;33;files.py;[215];[28];0
scrapy;33;media.py;[73, 130];[11];0
scrapy;33;signal.py;[50];[11];0
scrapy;34;item.py;[30];[9];0
scrapy;35;crawler.py;[195, 196];[];0
scrapy;36;misc.py;[146, 148, 150];[140, 140, 140];0
scrapy;37;__init__.py;[69];[];0
scrapy;38;form.py;[173, 174, 175];[];0
scrapy;39;__init__.py;[69, 71, 72, 73];[];0
scrapy;4;__init__.py;[87];[];0
scrapy;40;exporters.py;[276, 277, 278, 279];[];0
scrapy;5;__init__.py;[[123]];[];1
scrapy;6;images.py;[[135]];[];1
scrapy;7;form.py;[11, 54];[8];0
scrapy;8;item.py;[[39, 40, 41, 42]];[];1
scrapy;9;mail.py;[[47, 51]];[];1
spacy;1;errors.py;[10, 11];[];0
spacy;10;errors.py;[[93, 94, 100, 102, 104, 106, 108, 109, 114, 115, 120, 121, 122, 123, 124, 126, 128, 131, 133, 141, 423, 424, 425, 428, 430, 432, 436, 439, 442, 445, 449, 453, 457, 458, 459, 460, 462, 465, 467, 468, 470, 472, 476, 477, 478, 479]];[];1
spacy;2;util.py;[[211, 212]];[];1
spacy;3;wikipedia_processor.py;[33, 288];[];0
spacy;4;conllu2json.py;[73];[];0
spacy;5;language.py;[681];[];0
spacy;6;language.py;[407];[405];0
spacy;7;entity_relations.py;[10, 41, 48];[46];0
spacy;7;util.py;[669];[];0
spacy;8;errors.py;[[103, 104, 110, 112, 114, 116, 118, 119, 124, 126, 130, 131, 132, 133, 134, 136, 138, 139, 141, 143, 151, 154, 454, 457, 461, 465, 469, 470, 471, 472, 474, 477, 479, 480, 482, 480, 482, 484, 488, 489, 490, 491, 493, 496, 499, 501]];[];1
spacy;9;errors.py;[[24, 28, 32, 34, 36, 41, 45, 52, 53, 55, 57, 63, 70, 73, 76, 79, 83, 84, 85, 87, 89, 91]];[];1
thefuck;1;pip_unknown_command.py;[15, 17];[];0
thefuck;10;man.py;[21, 22, 24];[15, 15, 15, 15, 15, 15, 15, 15, 27];0
thefuck;11;git_push.py;[14];[13, 13, 13, 13, 13, 13, 13, 13, 13, 13, 13, 13, 13, 13, 13, 13];0
thefuck;12;no_command.py;[3, 9];[];0
thefuck;13;git_branch_exists.py;[9, 10];[20];0
thefuck;14;fish.py;[10, 11, 12, 13, 14];[];0
thefuck;15;git_add.py;[8, 9, 15, 16];[];0
thefuck;16;bash.py;[9, 10, 11];[];0
thefuck;16;fish.py;[];[17];0
thefuck;16;zsh.py;[10, 12, 13];[];0
thefuck;16;types.py;[285];[];0
thefuck;17;bash.py;[1, 4, 12, 27, 29, 30, 31, 32, 33];[];0
thefuck;17;zsh.py;[29];[];0
thefuck;18;sudo.py;[[24, 28]];[];1
thefuck;19;git_push_force.py;[15];[];0
thefuck;2;utils.py;[121];[];0
thefuck;20;dirty_unzip.py;[16, 31];[4];0
thefuck;21;git_fix_stash.py;[8, 9];[];0
thefuck;22;types.py;[84, 85, 86];[];0
thefuck;23;utils.py;[183];[5, 179, 179];0
thefuck;24;types.py;[7, 8, 57, 58, 64, 67, 68, 69];[13, 13, 13, 13, 13, 13, 13, 13, 13, 13, 13, 13, 13, 13, 13, 13, 13, 13, 13, 13, 13];0
thefuck;25;mkdir_p.py;[13];[];0
thefuck;26;vagrant_up.py;[10, 13];[];0
thefuck;27;open.py;[26];[];0
thefuck;28;fix_file.py;[3, 23, 26, 27, 63, 64, 65, 66];[7, 30, 30, 59, 59];0
thefuck;29;types.py;[26, 27, 28];[];0
thefuck;3;fish.py;[108, 110];[];0
thefuck;30;fix_file.py;[53];[];0
thefuck;31;git_diff_staged.py;[13];[];0
thefuck;32;ls_lah.py;[2];[];0
thefuck;4;fish.py;[23, 24, 25];[];0
thefuck;5;git_push.py;[9];[];0
thefuck;6;git_branch_exists.py;[10, 17];[];0
thefuck;7;php_s.py;[6, 11, 12, 13];[];0
thefuck;8;dnf_no_such_command.py;[18, 19, 20, 21, 29];[];0
thefuck;9;git_push.py;[27];[];0
tornado;1;websocket.py;[561, 562];[717, 717, 717, 717, 1348, 1348, 1348];0
tornado;10;websocket.py;[[436]];[];1
tornado;11;http1connection.py;[568];[];0
tornado;12;auth.py;[78, 988, 1065, 1066];[];0
tornado;13;http1connection.py;[484];[];0
tornado;13;runtests.py;[];[32];0
tornado;14;ioloop.py;[252];[];0
tornado;15;setup.py;[];[150];0
tornado;15;web.py;[2379, 2380, 2381];[];0
tornado;16;gen.py;[[358]];[];1
tornado;2;http1connection.py;[393];[];0
tornado;3;httpclient.py;[236, 238];[];0
tornado;4;web.py;[2603, 2606, 2611, 2612];[];0
tornado;5;ioloop.py;[1221];[1220, 1224, 1224, 1224, 1224, 1224, 1224, 1224, 1224, 1224, 1224, 1224, 1224, 1224, 1224, 1224, 1224];0
tornado;6;ioloop.py;[50, 188];[];0
tornado;6;asyncio.py;[];[41, 41, 41, 41, 41, 41, 41, 41, 41, 41, 41, 41, 41, 41, 52];0
tornado;7;ioloop.py;[47, 658, 659];[];0
tornado;8;websocket.py;[[618]];[];1
tornado;9;httputil.py;[[606, 607]];[];1
tqdm;1;__init__.py;[41];[];0
tqdm;2;std.py;[488, 489, 505, 506];[];0
tqdm;2;utils.py;[365, 366];[363];0
tqdm;3;_tqdm.py;[[142, 172, 194, 232, 255, 459, 481, 488, 518, 527, 555, 560, 567, 706, 950, 956, 959, 963, 966, 969, 973, 976, 1061, 1137, 1179, 1193, 1204, 1210, 1226, 1240, 1246, 1277, 1285, 1290, 1305]];[];1
tqdm;4;_tqdm.py;[323];[];0
tqdm;5;_tqdm.py;[769, 770, 771, 772, 773, 774];[751, 751, 751, 751, 751, 751, 757];0
tqdm;6;_tqdm.py;[856];[];0
tqdm;7;_main.py;[92];[];0
tqdm;8;_tqdm.py;[225];[];0
tqdm;9;_tqdm.py;[41, 42, 43, 274, 301, 363, 389, 412];[];0
youtube-dl;1;utils.py;[2577, 2578];[];0
youtube-dl;10;utils.py;[1563, 1564];[];0
youtube-dl;11;utils.py;[3522, 3523];[];0
youtube-dl;12;YoutubeDL.py;[1081];[];0
youtube-dl;13;utils.py;[1871];[];0
youtube-dl;14;youtube.py;[1656, 2327];[1655, 1655, 1655, 1655, 1655, 1655, 1655, 1655, 1655, 1655, 1655, 1655, 1655, 1655, 1655, 1655, 1655, 1655, 1655, 1655, 1655, 1655, 1655, 1655, 1655, 1655, 1655, 1655, 1655, 1655, 1655, 1655, 1655, 1655, 1655, 1655, 1655, 1655, 1655, 1655, 1655, 1655, 1655, 1655, 1655, 1655, 1655, 1655, 1655, 1655, 1655, 1655, 1655, 1655, 1655, 1690, 1690, 1690, 1690];0
youtube-dl;15;utils.py;[2270];[];0
youtube-dl;16;ffmpeg.py;[588];[];0
youtube-dl;16;utils.py;[2576, 2577, 2578, 2579, 2581, 2582, 2677];[2575, 2575, 2575, 2575];0
youtube-dl;17;utils.py;[[2736]];[];1
youtube-dl;18;YoutubeDL.py;[863];[];0
youtube-dl;19;YoutubeDL.py;[677];[23];0
youtube-dl;2;common.py;[2010, 2011, 2012, 2013, 2014, 2015, 2016, 2017, 2018, 2019];[];0
youtube-dl;20;utils.py;[368, 370];[];0
youtube-dl;21;utils.py;[1755];[1751, 1751];0
youtube-dl;22;utils.py;[2394, 2404];[2386];0
youtube-dl;23;utils.py;[2110, 2137];[];0
youtube-dl;24;utils.py;[2348, 2352, 2364];[];0
youtube-dl;25;utils.py;[2041, 2042, 2048];[];0
youtube-dl;26;utils.py;[1973];[];0
youtube-dl;27;utils.py;[1985, 1987];[];0
youtube-dl;28;utils.py;[399];[];0
youtube-dl;29;utils.py;[914];[];0
youtube-dl;3;utils.py;[599];[];0
youtube-dl;30;YoutubeDL.py;[[1008]];[];1
youtube-dl;31;minhateca.py;[55, 56];[11];0
youtube-dl;31;utils.py;[1213, 1216, 1219, 1220];[1209, 1209, 1209, 1209];0
youtube-dl;32;npo.py;[66];[10];0
youtube-dl;32;utils.py;[1334];[];0
youtube-dl;33;drtv.py;[3, 4, 28, 29, 38];[];0
youtube-dl;33;utils.py;[928, 941];[];0
youtube-dl;34;utils.py;[1601];[676, 676];0
youtube-dl;35;arte.py;[93];[89, 89, 89, 89];0
youtube-dl;35;utils.py;[];[893];0
youtube-dl;36;facebook.py;[23];[];0
youtube-dl;37;utils.py;[1268];[5, 1266];0
youtube-dl;38;facebook.py;[54, 55, 73, 76, 82, 85, 87, 89];[14];0
youtube-dl;38;utils.py;[];[1266, 1266, 1266, 1266];0
youtube-dl;39;facebook.py;[15, 134, 135];[17, 40, 40, 40, 40, 40, 40, 40, 40];0
youtube-dl;39;utils.py;[];[1574, 1574, 1574, 1574, 1574, 1574, 1574, 1574, 1574, 1574];0
youtube-dl;4;jsinterp.py;[201, 206];[];0
youtube-dl;40;f4m.py;[7, 30, 33, 36, 199];[14, 14];0
youtube-dl;40;utils.py;[];[20, 1223, 1223, 1223, 1223, 1223, 1223, 1223, 1223, 1223, 1223, 1223, 1223, 1223, 1223, 1223, 1223, 1223];0
youtube-dl;41;utils.py;[759, 761];[];0
youtube-dl;42;clipsyndicate.py;[6, 36];[];0
youtube-dl;42;metacritic.py;[7, 30];[];0
youtube-dl;42;mtv.py;[86, 87, 88, 91];[8];0
youtube-dl;42;utils.py;[1095, 1097];[];0
youtube-dl;43;utils.py;[1090];[];0
youtube-dl;5;utils.py;[1104, 1112, 1118];[];0
youtube-dl;6;utils.py;[1979, 2023, 2026];[2025, 2025, 2025];0
youtube-dl;7;utils.py;[1704, 1705];[];0
youtube-dl;8;YoutubeDL.py;[961, 962];[];0
youtube-dl;9;YoutubeDL.py;[934, 944, 946, 947, 950, 955, 966, 969, 970, 971];[];0
